rhoL:5.99924
uL:19.5975
pL:460.894
rhoR:5.99242
uR:-6.19633
pR:46.0950
gamma:1.4
T:0.035
