rhoL:1.0
uL:-19.59745
pL:1000.0
rhoR:1.0
uR:-19.59745
pR:0.01
gamma:1.4
T:0.012
